%YAML:1.0
---
camera_matrix: !!opencv-matrix
   rows: 3
   cols: 3
   dt: d
   data: [ 915.0885620117188, 0., 649.8359375, 0.,
       913.8702392578125, 357.76959228515625, 0., 0., 1. ]
dist_coeff: !!opencv-matrix
   rows: 1
   cols: 5
   dt: d
   data: [ 1., 0.,
       0., 0.,
       1.]
